27 E:13 49 0b 00 00 00 00 00 0e 04 05 13 0c 00
28 C:b2 52 0b 00 00 00 00 00 52 0c f1 01 06 09 45 53 50 33 32 01 03 01 05 01 07 00 00 00 00 00 00 00 00 00 00 00 00 00 00 00 00 00 00 00 00 00 00 00 00 00 00 00 00 00 00 00 00 00 00 00 00 00 00 00 00 00 00 00 00 00 00 00 00 00 00 00 00 00 00 00 00 00 00 00 00 00 00 00 00 00 00 00 00 00 00 00 00 00 00 00 00 00 00 00 00 00 00 00 00 00 00 00 00 00 00 00 00 00 00 00 00 00 00 00 00 00 00 00 00 00 00 00 00 00 00 00 00 00 00 00 00 00 00 00 00 00 00 00 00 00 00 00 00 00 00 00 00 00 00 00 00 00 00 00 00 00 00 00 00 00 00 00 00 00 00 00 00 00 00 00 00 00 00 00 00 00 00 00 00 00 00 00 00 00 00 00 00 00 00 00 00 00 00 00 00 00 00 00 00 00 00 00 00 00 00 00 00 00 00 00 00 00 00 00 00 00 00 00 00 00 00 00 00 00 00 00 00 00 00 00 00 00 00 00 00 00 00 00 00 00 00 00
29 E:00 5e 0b 00 00 00 00 00 0e 04 05 52 0c 00
2a C:11 89 0b 00 00 00 00 00 52 0c f1 01 06 09 45 53 50 33 32 03 03 00 12 01 05 01 07 00 00 00 00 00 00 00 00 00 00 00 00 00 00 00 00 00 00 00 00 00 00 00 00 00 00 00 00 00 00 00 00 00 00 00 00 00 00 00 00 00 00 00 00 00 00 00 00 00 00 00 00 00 00 00 00 00 00 00 00 00 00 00 00 00 00 00 00 00 00 00 00 00 00 00 00 00 00 00 00 00 00 00 00 00 00 00 00 00 00 00 00 00 00 00 00 00 00 00 00 00 00 00 00 00 00 00 00 00 00 00 00 00 00 00 00 00 00 00 00 00 00 00 00 00 00 00 00 00 00 00 00 00 00 00 00 00 00 00 00 00 00 00 00 00 00 00 00 00 00 00 00 00 00 00 00 00 00 00 00 00 00 00 00 00 00 00 00 00 00 00 00 00 00 00 00 00 00 00 00 00 00 00 00 00 00 00 00 00 00 00 00 00 00 00 00 00 00 00 00 00 00 00 00 00 00 00 00 00 00 00 00 00 00 00 00 00 00 00 00 00 00 00 00 00
2b E:a0 94 0b 00 00 00 00 00 0e 04 05 52 0c 00
2c C:f3 c1 0b 00 00 00 00 00 13 0c f8 4e 69 6e 74 65 6e 64 6f 20 52 56 4c 2d 43 4e 54 2d 30 31 00 00 00 00 00 00 00 00 00 00 00 00 00 00 00 00 00 00 00 00 00 00 00 00 00 00 00 00 00 00 00 00 00 00 00 00 00 00 00 00 00 00 00 00 00 00 00 00 00 00 00 00 00 00 00 00 00 00 00 00 00 00 00 00 00 00 00 00 00 00 00 00 00 00 00 00 00 00 00 00 00 00 00 00 00 00 00 00 00 00 00 00 00 00 00 00 00 00 00 00 00 00 00 00 00 00 00 00 00 00 00 00 00 00 00 00 00 00 00 00 00 00 00 00 00 00 00 00 00 00 00 00 00 00 00 00 00 00 00 00 00 00 00 00 00 00 00 00 00 00 00 00 00 00 00 00 00 00 00 00 00 00 00 00 00 00 00 00 00 00 00 00 00 00 00 00 00 00 00 00 00 00 00 00 00 00 00 00 00 00 00 00 00 00 00 00 00 00 00 00 00 00 00 00 00 00 00 00 00 00 00 00 00 00 00 00 00 00 00 00 00 00 00 00 00 00 00 00 00
2d E:32 cc 0b 00 00 00 00 00 0e 04 05 13 0c 00
2e C:b6 d6 0b 00 00 00 00 00 52 0c f1 01 14 09 4e 69 6e 74 65 6e 64 6f 20 52 56 4c 2d 43 4e 54 2d 30 31 03 03 00 12 01 05 01 07 00 00 00 00 00 00 00 00 00 00 00 00 00 00 00 00 00 00 00 00 00 00 00 00 00 00 00 00 00 00 00 00 00 00 00 00 00 00 00 00 00 00 00 00 00 00 00 00 00 00 00 00 00 00 00 00 00 00 00 00 00 00 00 00 00 00 00 00 00 00 00 00 00 00 00 00 00 00 00 00 00 00 00 00 00 00 00 00 00 00 00 00 00 00 00 00 00 00 00 00 00 00 00 00 00 00 00 00 00 00 00 00 00 00 00 00 00 00 00 00 00 00 00 00 00 00 00 00 00 00 00 00 00 00 00 00 00 00 00 00 00 00 00 00 00 00 00 00 00 00 00 00 00 00 00 00 00 00 00 00 00 00 00 00 00 00 00 00 00 00 00 00 00 00 00 00 00 00 00 00 00 00 00 00 00 00 00 00 00 00 00 00 00 00 00 00 00 00 00 00 00 00 00 00 00 00 00 00 00 00 00
2f E:a8 e1 0b 00 00 00 00 00 0e 04 05 52 0c 00
30 C:9c f9 0b 00 00 00 00 00 24 0c 03 04 05 00
31 E:a1 03 0c 00 00 00 00 00 0e 04 05 24 0c 00
32 C:37 a4 2c 00 00 00 00 00 52 0c f1 01 14 09 4e 69 6e 74 65 6e 64 6f 20 52 56 4c 2d 43 4e 54 2d 30 31 05 03 24 11 00 12 01 05 01 07 00 00 00 00 00 00 00 00 00 00 00 00 00 00 00 00 00 00 00 00 00 00 00 00 00 00 00 00 00 00 00 00 00 00 00 00 00 00 00 00 00 00 00 00 00 00 00 00 00 00 00 00 00 00 00 00 00 00 00 00 00 00 00 00 00 00 00 00 00 00 00 00 00 00 00 00 00 00 00 00 00 00 00 00 00 00 00 00 00 00 00 00 00 00 00 00 00 00 00 00 00 00 00 00 00 00 00 00 00 00 00 00 00 00 00 00 00 00 00 00 00 00 00 00 00 00 00 00 00 00 00 00 00 00 00 00 00 00 00 00 00 00 00 00 00 00 00 00 00 00 00 00 00 00 00 00 00 00 00 00 00 00 00 00 00 00 00 00 00 00 00 00 00 00 00 00 00 00 00 00 00 00 00 00 00 00 00 00 00 00 00 00 00 00 00 00 00 00 00 00 00 00 00 00 00 00 00 00 00
33 E:01 af 2c 00 00 00 00 00 0e 04 05 52 0c 00
34 C:07 7b 2d 00 00 00 00 00 3a 0c 07 02 00 8b 9e 33 8b 9e
35 E:0a 85 2d 00 00 00 00 00 0e 04 05 3a 0c 00
36 C:20 89 2d 00 00 00 00 00 1e 0c 04 00 08 12 00
37 E:78 92 2d 00 00 00 00 00 0e 04 05 1e 0c 00
38 C:90 97 2d 00 00 00 00 00 24 0c 03 04 25 00
39 E:88 a0 2d 00 00 00 00 00 0e 04 05 24 0c 00
3a C:91 a3 2d 00 00 00 00 00 1a 0c 01 01
3b E:32 ab 2d 00 00 00 00 00 0e 04 05 1a 0c 00
3c C:80 b3 2d 00 00 00 00 00 1a 0c 01 03
3d E:d2 b4 2d 00 00 00 00 00 0e 04 05 1a 0c 00
3e E:33 b7 a4 00 00 00 00 00 04 0a dc ea 34 a0 a2 78 48 04 00 01
3f C:33 c1 a4 00 00 00 00 00 09 04 07 dc ea 34 a0 a2 78 01
40 E:b7 c2 a4 00 00 00 00 00 0f 04 00 05 09 04
41 E:e1 7f a7 00 00 00 00 00 03 0b 00 81 00 dc ea 34 a0 a2 78 01 00
42 E:38 85 a7 00 00 00 00 00 1b 03 81 00 05
43 C:66 8b a7 00 00 00 00 00 1f 04 02 81 00
44 E:5b 8c a7 00 00 00 00 00 0f 04 00 05 1f 04
45 E:91 8d a7 00 00 00 00 00 1c 05 00 81 00 db 28
46 C:f8 93 a7 00 00 00 00 00 1d 04 02 81 00
47 E:39 95 a7 00 00 00 00 00 0f 04 00 05 1d 04
48 E:1c 96 a7 00 00 00 00 00 0c 08 00 81 00 03 0f 00 0e 43
49 C:8c 9d a7 00 00 00 00 00 1b 04 02 81 00
4a E:ae 9e a7 00 00 00 00 00 0f 04 00 05 1b 04
4b E:9e 9f a7 00 00 00 00 00 0b 0b 00 81 00 ff ff 8d fe 9b f9 00 80
4c C:d5 a6 a7 00 00 00 00 00 19 04 0a dc ea 34 a0 a2 78 01 00 00 00
4d E:91 a8 a7 00 00 00 00 00 0f 04 00 05 19 04
4e H:d9 b3 a7 00 00 00 00 00 81 20 0a 00 06 00 01 00 0a 02 02 00 02 00
4f E:48 bb a7 00 00 00 00 00 07 ff 00 dc ea 34 a0 a2 78 57 69 69 00 00 00 00 00 00 00 00 00 00 00 00 00 00 00 00 00 00 00 00 00 00 00 00 00 00 00 00 00 00 00 00 00 00 00 00 00 00 00 00 00 00 00 00 00 00 00 00 00 00 00 00 00 00 00 00 00 00 00 00 00 00 00 00 00 00 00 00 00 00 00 00 00 00 00 00 00 00 00 00 00 00 00 00 00 00 00 00 00 00 00 00 00 00 00 00 00 00 00 00 00 00 00 00 00 00 00 00 00 00 00 00 00 00 00 00 00 00 00 00 00 00 00 00 00 00 00 00 00 00 00 00 00 00 00 00 00 00 00 00 00 00 00 00 00 00 00 00 00 00 00 00 00 00 00 00 00 00 00 00 00 00 00 00 00 00 00 00 00 00 00 00 00 00 00 00 00 00 00 00 00 00 00 00 00 00 00 00 00 00 00 00 00 00 00 00 00 00 00 00 00 00 00 00 00 00 00 00 00 00 00 00 00 00 00 00 00 00 00 00 00 00 00 00 00 00 00 00 00 00 00 00 00 00 00 00 00 00 00 00 00 00 00 00 00
50 E:ff be a7 00 00 00 00 00 13 05 01 81 00 01 00
51 C:ad c0 a7 00 00 00 00 00 0d 08 04 81 00 05 00
52 E:d3 c1 a7 00 00 00 00 00 0e 06 05 0d 08 00 81 00
53 C:18 d1 a7 00 00 00 00 00 1c 04 03 81 00 01
54 E:57 d3 a7 00 00 00 00 00 0f 04 00 05 1c 04
55 D:18 0e a8 00 00 00 00 00 81 20 0c 00 08 00 01 00 0b 02 04 00 02 00 01 00
56 C:65 14 a8 00 00 00 00 00 35 0c 05 01 81 00 01 00
57 E:6b 17 a8 00 00 00 00 00 23 0d 00 81 00 01 00 00 00 00 00 00 00 00 00
58 C:51 29 a8 00 00 00 00 00 0f 04 04 81 00 18 cc
59 E:93 2a a8 00 00 00 00 00 0f 04 00 05 0f 04
5a E:dc 2b a8 00 00 00 00 00 1d 05 00 81 00 18 cc
5b C:47 31 a8 00 00 00 00 00 0d 08 04 81 00 05 00
5c E:4a 32 a8 00 00 00 00 00 0e 06 05 0d 08 00 81 00
5d D:37 65 a8 00 00 00 00 00 81 20 0c 00 08 00 01 00 02 01 04 00 01 00 42 00
5e C:69 6a a8 00 00 00 00 00 35 0c 05 01 81 00 01 00
5f H:c5 a2 a8 00 00 00 00 00 81 20 10 00 0c 00 01 00 03 01 08 00 40 00 42 00 00 00 00 00
60 H:63 c2 a8 00 00 00 00 00 81 20 10 00 0c 00 01 00 04 03 08 00 42 00 00 00 01 02 a0 02
61 E:f4 fd a8 00 00 00 00 00 13 05 01 81 00 01 00
62 E:e0 41 ac 00 00 00 00 00 13 05 01 81 00 01 00
63 D:c6 42 ac 00 00 00 00 00 81 20 14 00 10 00 01 00 04 02 0c 00 40 00 00 00 01 02 00 01 02 02 ff ff
64 D:a5 43 ac 00 00 00 00 00 81 20 0e 00 0a 00 01 00 05 03 06 00 40 00 00 00 00 00
65 C:9d 49 ac 00 00 00 00 00 35 0c 05 01 81 00 01 00
66 C:2f 4c ac 00 00 00 00 00 35 0c 05 01 81 00 01 00
67 H:ec 65 ac 00 00 00 00 00 81 20 0e 00 0a 00 01 00 05 02 06 00 42 00 00 00 00 00
68 E:56 75 ac 00 00 00 00 00 13 05 01 81 00 01 00
69 D:cf 83 ac 00 00 00 00 00 81 20 11 00 0d 00 40 00 02 00 00 00 08 35 03 19 11 24 00 15 00
6a C:97 88 ac 00 00 00 00 00 35 0c 05 01 81 00 01 00
6b H:b5 94 ac 00 00 00 00 00 81 20 12 00 0e 00 42 00 03 00 00 00 09 00 01 00 01 00 01 00 01 00
6c E:4c a1 ac 00 00 00 00 00 13 05 01 81 00 01 00
6d D:bc aa ac 00 00 00 00 00 81 20 17 00 13 00 40 00 04 00 01 00 0e 00 01 00 01 00 f0 35 05 0a 00 00 ff ff 00
6e C:34 ae ac 00 00 00 00 00 35 0c 05 01 81 00 01 00
6f H:e9 bb ac 00 00 00 00 00 81 20 fe 00 fa 00 42 00 05 00 01 00 f5 00 f0 36 01 ba 09 00 00 0a 00 01 00 01 09 00 01 35 03 19 11 24 09 00 04 35 0d 35 06 19 01 00 09 00 11 35 03 19 00 11 09 00 05 35 03 19 10 02 09 00 06 35 09 09 65 6e 09 00 6a 09 01 00 09 00 09 35 08 35 06 19 11 24 09 01 00 09 00 0d 35 0f 35 0d 35 06 19 01 00 09 00 13 35 03 19 00 11 09 01 00 25 14 4e 69 6e 74 65 6e 64 6f 20 52 56 4c 2d 43 4e 54 2d 30 31 00 09 01 01 25 14 4e 69 6e 74 65 6e 64 6f 20 52 56 4c 2d 43 4e 54 2d 30 31 00 09 01 02 25 09 4e 69 6e 74 65 6e 64 6f 00 09 02 00 09 01 00 09 02 01 09 01 11 09 02 02 08 04 09 02 03 08 21 09 02 04 28 01 09 02 05 28 01 09 02 06 35 d5 35 d3 08 22 25 cf 05 01 09 05 a1 01 85 10 75 08 95 01 91 00 85 11 75 08 95 01 91 00 85 12 75 08 95 02 91 00 85 13 75 08 95 01 91 00 85 14 75 02 00 f0
70 E:3d cd ac 00 00 00 00 00 13 05 01 81 00 01 00
71 D:89 db ac 00 00 00 00 00 81 20 19 00 15 00 40 00 04 00 02 00 10 00 01 00 01 00 f0 35 05 0a 00 00 ff ff 02 00 f0
72 C:f8 de ac 00 00 00 00 00 35 0c 05 01 81 00 01 00
73 H:05 eb ac 00 00 00 00 00 81 20 d9 00 d5 00 42 00 05 00 02 00 d0 00 cd 08 95 01 91 00 85 15 75 08 95 01 91 00 85 16 75 08 95 15 91 00 85 17 75 08 95 06 91 00 85 18 75 08 95 15 91 00 85 19 75 08 95 01 91 00 85 1a 75 08 95 01 91 00 85 20 75 08 95 06 81 00 85 21 75 08 95 15 81 00 85 22 75 08 95 04 81 00 85 30 75 08 95 02 81 00 85 31 75 08 95 05 81 00 85 32 75 08 95 0a 81 00 85 33 75 08 95 11 81 00 85 34 75 08 95 15 81 00 85 35 75 08 95 15 81 00 85 36 75 08 95 15 81 00 85 37 75 08 95 15 81 00 85 3d 75 08 95 15 81 00 85 3e 75 08 95 15 81 00 85 3f 75 08 95 15 81 00 c0 09 02 07 35 08 35 06 09 04 09 09 01 00 09 02 09 28 01 09 02 0a 28 00 09 02 0b 09 01 00 09 02 0d 28 01 09 02 0e 28 01 00
74 E:09 fe ac 00 00 00 00 00 13 05 01 81 00 01 00
75 D:5d 0c ad 00 00 00 00 00 81 20 0c 00 08 00 01 00 06 03 04 00 40 00 42 00
76 C:c4 0f ad 00 00 00 00 00 35 0c 05 01 81 00 01 00
77 H:a6 33 ad 00 00 00 00 00 81 20 0c 00 08 00 01 00 07 03 04 00 40 00 42 00
78 E:75 42 ad 00 00 00 00 00 13 05 01 81 00 01 00
79 D:c1 50 ad 00 00 00 00 00 81 20 0c 00 08 00 01 00 02 04 04 00 11 00 41 00
7a C:4a 54 ad 00 00 00 00 00 35 0c 05 01 81 00 01 00
7b H:a6 90 ad 00 00 00 00 00 81 20 10 00 0c 00 01 00 03 04 08 00 41 00 41 00 00 00 00 00
7c H:87 b0 ad 00 00 00 00 00 81 20 10 00 0c 00 01 00 04 04 08 00 41 00 00 00 01 02 40 00
7d E:c0 e9 ad 00 00 00 00 00 13 05 01 81 00 01 00
7e E:e7 ec ad 00 00 00 00 00 13 05 01 81 00 01 00
